 stage   name      force      lambda0     lambda1  dA/dlambda 
   0       1      2.0620      0.0000      0.0000      0.0000 
   0       2      2.6490      0.0000      0.0000      0.0000 
   0       3      2.1980      0.0000      0.0000      0.0000 
   0       4      1.0760      0.0000      0.0000      0.0000 
   0       5      1.3420      0.0000      0.0000      0.0000 
   0       6      1.4540      0.0000      0.0000      0.0000 
   0       7      3.3890      0.0000      0.0000      0.0000 
   0       8      1.1890      0.0000      0.0000      0.0000 
   0       9      2.0000      0.0000      0.0000      0.0000 
   0      10      0.7970      0.0000      0.0000      0.0000 
   0      11      0.9360      0.0000      0.0000      0.0000 
   0      12      0.5410      0.0000      0.0000      0.0000 
   0      13      1.0640      0.0000      0.0000      0.0000 
   0      15      0.9890      0.0000      0.0000      0.0000 
   0      16      4.5200      0.0000      0.0000      0.0000 
   0      17      8.2600      0.0000      0.0000      0.0000 
   0      18      4.9060      0.0000      0.0000      0.0000 
   0      19      4.2500      0.0000      0.0000      0.0000 
   0      20      1.1970      0.0000      0.0000      0.0000 
   0      21      1.1380      0.0000      0.0000      0.0000 
   0      22      0.5420      0.0000      0.0000      0.0000 
   1       1      1.9589      0.0000      0.0500     -0.9448 
   1       2      2.5166      0.0000      0.0500     -0.6586 
   1       3      2.0881      0.0000      0.0500     -1.1864 
   1       4      1.0222      0.0000      0.0500     -0.8903 
   1       5      1.2749      0.0000      0.0500     -0.3393 
   1       6      1.3813      0.0000      0.0500     -0.8262 
   1       7      3.2195      0.0000      0.0500     -0.8004 
   1       8      1.1296      0.0000      0.0500     -0.3944 
   1       9      1.9000      0.0000      0.0500     -0.6565 
   1      10      0.7571      0.0000      0.0500     -0.3731 
   1      11      0.8892      0.0000      0.0500     -0.7541 
   1      12      0.5140      0.0000      0.0500     -0.4264 
   1      13      1.0108      0.0000      0.0500     -0.4560 
   1      15      0.9395      0.0000      0.0500     -0.2967 
   1      16      4.2940      0.0000      0.0500     -0.6656 
   1      17      7.8470      0.0000      0.0500     -1.3418 
   1      18      4.6607      0.0000      0.0500     -0.5966 
   1      19      4.0375      0.0000      0.0500     -0.8600 
   1      20      1.1372      0.0000      0.0500     -0.4004 
   1      21      1.0811      0.0000      0.0500     -0.4867 
   1      22      0.5149      0.0000      0.0500     -0.6893 
   2       1      1.8558      0.0500      0.1000     -1.0111 
   2       2      2.3841      0.0500      0.1000     -0.7056 
   2       3      1.9782      0.0500      0.1000     -1.2441 
   2       4      0.9684      0.0500      0.1000     -0.8944 
   2       5      1.2078      0.0500      0.1000     -0.3659 
   2       6      1.3086      0.0500      0.1000     -0.8081 
   2       7      3.0501      0.0500      0.1000     -0.8177 
   2       8      1.0701      0.0500      0.1000     -0.3988 
   2       9      1.8000      0.0500      0.1000     -0.6183 
   2      10      0.7173      0.0500      0.1000     -0.3922 
   2      11      0.8424      0.0500      0.1000     -0.7862 
   2      12      0.4869      0.0500      0.1000     -0.4456 
   2      13      0.9576      0.0500      0.1000     -0.5260 
   2      15      0.8901      0.0500      0.1000     -0.3205 
   2      16      4.0680      0.0500      0.1000     -0.6099 
   2      17      7.4340      0.0500      0.1000     -1.3282 
   2      18      4.4154      0.0500      0.1000     -0.6163 
   2      19      3.8250      0.0500      0.1000     -0.8985 
   2      20      1.0773      0.0500      0.1000     -0.4305 
   2      21      1.0242      0.0500      0.1000     -0.5061 
   2      22      0.4878      0.0500      0.1000     -0.6720 
   3       1      1.7527      0.1000      0.1500     -1.0544 
   3       2      2.2517      0.1000      0.1500     -0.7342 
   3       3      1.8683      0.1000      0.1500     -1.2536 
   3       4      0.9146      0.1000      0.1500     -0.9648 
   3       5      1.1407      0.1000      0.1500     -0.3598 
   3       6      1.2359      0.1000      0.1500     -1.0310 
   3       7      2.8807      0.1000      0.1500     -0.8264 
   3       8      1.0107      0.1000      0.1500     -0.4429 
   3       9      1.7000      0.1000      0.1500     -0.7044 
   3      10      0.6774      0.1000      0.1500     -0.3616 
   3      11      0.7956      0.1000      0.1500     -0.8077 
   3      12      0.4598      0.1000      0.1500     -0.4973 
   3      13      0.9044      0.1000      0.1500     -0.5493 
   3      15      0.8407      0.1000      0.1500     -0.3487 
   3      16      3.8420      0.1000      0.1500     -0.6512 
   3      17      7.0210      0.1000      0.1500     -1.4249 
   3      18      4.1701      0.1000      0.1500     -0.6378 
   3      19      3.6125      0.1000      0.1500     -0.9191 
   3      20      1.0174      0.1000      0.1500     -0.4212 
   3      21      0.9673      0.1000      0.1500     -0.4886 
   3      22      0.4607      0.1000      0.1500     -0.6995 
   4       1      1.6496      0.1500      0.2000     -1.1253 
   4       2      2.1192      0.1500      0.2000     -0.8288 
   4       3      1.7584      0.1500      0.2000     -1.3408 
   4       4      0.8608      0.1500      0.2000     -0.9144 
   4       5      1.0736      0.1500      0.2000     -0.3770 
   4       6      1.1632      0.1500      0.2000     -1.0369 
   4       7      2.7112      0.1500      0.2000     -0.8736 
   4       8      0.9512      0.1500      0.2000     -0.4317 
   4       9      1.6000      0.1500      0.2000     -0.7347 
   4      10      0.6376      0.1500      0.2000     -0.3869 
   4      11      0.7488      0.1500      0.2000     -0.8090 
   4      12      0.4328      0.1500      0.2000     -0.4612 
   4      13      0.8512      0.1500      0.2000     -0.5081 
   4      15      0.7912      0.1500      0.2000     -0.3601 
   4      16      3.6160      0.1500      0.2000     -0.6467 
   4      17      6.6080      0.1500      0.2000     -1.4778 
   4      18      3.9248      0.1500      0.2000     -0.6864 
   4      19      3.4000      0.1500      0.2000     -0.9377 
   4      20      0.9576      0.1500      0.2000     -0.4468 
   4      21      0.9104      0.1500      0.2000     -0.5616 
   4      22      0.4336      0.1500      0.2000     -0.6651 
   5       1      1.5465      0.2000      0.2500     -1.1837 
   5       2      1.9868      0.2000      0.2500     -0.8180 
   5       3      1.6485      0.2000      0.2500     -1.4116 
   5       4      0.8070      0.2000      0.2500     -0.9759 
   5       5      1.0065      0.2000      0.2500     -0.3995 
   5       6      1.0905      0.2000      0.2500     -0.9878 
   5       7      2.5417      0.2000      0.2500     -0.8979 
   5       8      0.8918      0.2000      0.2500     -0.4577 
   5       9      1.5000      0.2000      0.2500     -0.7582 
   5      10      0.5978      0.2000      0.2500     -0.3768 
   5      11      0.7020      0.2000      0.2500     -0.9087 
   5      12      0.4057      0.2000      0.2500     -0.5406 
   5      13      0.7980      0.2000      0.2500     -0.5527 
   5      15      0.7418      0.2000      0.2500     -0.3863 
   5      16      3.3900      0.2000      0.2500     -0.8016 
   5      17      6.1950      0.2000      0.2500     -1.5279 
   5      18      3.6795      0.2000      0.2500     -0.6675 
   5      19      3.1875      0.2000      0.2500     -1.0261 
   5      20      0.8978      0.2000      0.2500     -0.4535 
   5      21      0.8535      0.2000      0.2500     -0.5074 
   5      22      0.4065      0.2000      0.2500     -0.6346 
   6       1      1.4434      0.2500      0.3000     -1.1411 
   6       2      1.8543      0.2500      0.3000     -0.8468 
   6       3      1.5386      0.2500      0.3000     -1.4319 
   6       4      0.7532      0.2500      0.3000     -0.7797 
   6       5      0.9394      0.2500      0.3000     -0.3757 
   6       6      1.0178      0.2500      0.3000     -1.0408 
   6       7      2.3723      0.2500      0.3000     -0.9626 
   6       8      0.8323      0.2500      0.3000     -0.4283 
   6       9      1.4000      0.2500      0.3000     -0.7466 
   6      10      0.5579      0.2500      0.3000     -0.3600 
   6      11      0.6552      0.2500      0.3000     -0.8334 
   6      12      0.3787      0.2500      0.3000     -0.4828 
   6      13      0.7448      0.2500      0.3000     -0.6035 
   6      15      0.6923      0.2500      0.3000     -0.8600 
   6      16      3.1640      0.2500      0.3000     -1.0504 
   6      17      5.7820      0.2500      0.3000     -1.5308 
   6      18      3.4342      0.2500      0.3000     -0.7352 
   6      19      2.9750      0.2500      0.3000     -1.0801 
   6      20      0.8379      0.2500      0.3000     -0.4475 
   6      21      0.7966      0.2500      0.3000     -0.6222 
   6      22      0.3794      0.2500      0.3000     -0.7762 
   7       1      1.3403      0.3000      0.3500     -1.1567 
   7       2      1.7219      0.3000      0.3500     -0.9039 
   7       3      1.4287      0.3000      0.3500     -1.4759 
   7       4      0.6994      0.3000      0.3500     -1.0597 
   7       5      0.8723      0.3000      0.3500     -0.4153 
   7       6      0.9451      0.3000      0.3500     -1.0694 
   7       7      2.2029      0.3000      0.3500     -0.9751 
   7       8      0.7729      0.3000      0.3500     -0.5125 
   7       9      1.3000      0.3000      0.3500     -0.8523 
   7      10      0.5181      0.3000      0.3500     -0.4303 
   7      11      0.6084      0.3000      0.3500     -1.0259 
   7      12      0.3517      0.3000      0.3500     -0.6064 
   7      13      0.6916      0.3000      0.3500     -0.5883 
   7      15      0.6429      0.3000      0.3500     -0.3624 
   7      16      2.9380      0.3000      0.3500     -0.6545 
   7      17      5.3690      0.3000      0.3500     -1.5891 
   7      18      3.1889      0.3000      0.3500     -0.7266 
   7      19      2.7625      0.3000      0.3500     -1.1485 
   7      20      0.7781      0.3000      0.3500     -0.5038 
   7      21      0.7397      0.3000      0.3500     -0.5265 
   7      22      0.3523      0.3000      0.3500     -0.6676 
   8       1      1.2372      0.3500      0.4000     -1.3275 
   8       2      1.5894      0.3500      0.4000     -0.9376 
   8       3      1.3188      0.3500      0.4000     -1.5446 
   8       4      0.6456      0.3500      0.4000     -1.0510 
   8       5      0.8052      0.3500      0.4000     -0.4478 
   8       6      0.8724      0.3500      0.4000     -1.0724 
   8       7      2.0334      0.3500      0.4000     -1.0361 
   8       8      0.7134      0.3500      0.4000     -0.4961 
   8       9      1.2000      0.3500      0.4000     -0.8177 
   8      10      0.4782      0.3500      0.4000     -0.4712 
   8      11      0.5616      0.3500      0.4000     -1.0316 
   8      12      0.3246      0.3500      0.4000     -0.5432 
   8      13      0.6384      0.3500      0.4000     -0.5826 
   8      15      0.5934      0.3500      0.4000     -0.3868 
   8      16      2.7120      0.3500      0.4000     -1.0233 
   8      17      4.9560      0.3500      0.4000     -1.7379 
   8      18      2.9436      0.3500      0.4000     -0.7396 
   8      19      2.5500      0.3500      0.4000     -1.2777 
   8      20      0.7182      0.3500      0.4000     -0.5007 
   8      21      0.6828      0.3500      0.4000     -0.6162 
   8      22      0.3252      0.3500      0.4000     -0.7288 
   9       1      1.1341      0.4000      0.4500     -1.5972 
   9       2      1.4569      0.4000      0.4500     -0.9103 
   9       3      1.2089      0.4000      0.4500     -1.6782 
   9       4      0.5918      0.4000      0.4500     -0.7672 
   9       5      0.7381      0.4000      0.4500     -0.4072 
   9       6      0.7997      0.4000      0.4500     -1.3380 
   9       7      1.8639      0.4000      0.4500     -1.0833 
   9       8      0.6540      0.4000      0.4500     -0.5356 
   9       9      1.1000      0.4000      0.4500     -0.9981 
   9      10      0.4384      0.4000      0.4500     -0.5098 
   9      11      0.5148      0.4000      0.4500     -1.1281 
   9      12      0.2975      0.4000      0.4500     -0.5952 
   9      13      0.5852      0.4000      0.4500     -0.6656 
   9      15      0.5440      0.4000      0.4500     -0.3871 
   9      16      2.4860      0.4000      0.4500     -0.8392 
   9      17      4.5430      0.4000      0.4500     -1.7841 
   9      18      2.6983      0.4000      0.4500     -0.8393 
   9      19      2.3375      0.4000      0.4500     -1.2154 
   9      20      0.6583      0.4000      0.4500     -0.5641 
   9      21      0.6259      0.4000      0.4500     -0.5848 
   9      22      0.2981      0.4000      0.4500     -0.6977 
  10       1      1.0310      0.4500      0.5000     -1.4979 
  10       2      1.3245      0.4500      0.5000     -0.9381 
  10       3      1.0990      0.4500      0.5000     -1.5614 
  10       4      0.5380      0.4500      0.5000     -1.1680 
  10       5      0.6710      0.4500      0.5000     -0.5183 
  10       6      0.7270      0.4500      0.5000     -1.3364 
  10       7      1.6945      0.4500      0.5000     -1.1490 
  10       8      0.5945      0.4500      0.5000     -0.5513 
  10       9      1.0000      0.4500      0.5000     -0.9898 
  10      10      0.3985      0.4500      0.5000     -0.4706 
  10      11      0.4680      0.4500      0.5000     -1.0709 
  10      12      0.2705      0.4500      0.5000     -0.6333 
  10      13      0.5320      0.4500      0.5000     -0.6753 
  10      15      0.4945      0.4500      0.5000     -0.4001 
  10      16      2.2600      0.4500      0.5000     -1.0169 
  10      17      4.1300      0.4500      0.5000     -1.9124 
  10      18      2.4530      0.4500      0.5000     -0.8426 
  10      19      2.1250      0.4500      0.5000     -1.2828 
  10      20      0.5985      0.4500      0.5000     -0.5403 
  10      21      0.5690      0.4500      0.5000     -0.6050 
  10      22      0.2710      0.4500      0.5000     -0.7324 
  11       1      0.9279      0.5000      0.5500     -1.5615 
  11       2      1.1921      0.5000      0.5500     -1.1289 
  11       3      0.9891      0.5000      0.5500     -1.6593 
  11       4      0.4842      0.5000      0.5500     -1.1284 
  11       5      0.6039      0.5000      0.5500     -0.5249 
  11       6      0.6543      0.5000      0.5500     -1.5012 
  11       7      1.5251      0.5000      0.5500     -1.2575 
  11       8      0.5351      0.5000      0.5500     -0.5339 
  11       9      0.9000      0.5000      0.5500     -1.1937 
  11      10      0.3587      0.5000      0.5500     -0.4971 
  11      11      0.4212      0.5000      0.5500     -1.2868 
  11      12      0.2434      0.5000      0.5500     -0.6253 
  11      13      0.4788      0.5000      0.5500     -0.8014 
  11      15      0.4451      0.5000      0.5500     -0.4001 
  11      16      2.0340      0.5000      0.5500     -1.0035 
  11      17      3.7170      0.5000      0.5500     -1.9537 
  11      18      2.2077      0.5000      0.5500     -0.8955 
  11      19      1.9125      0.5000      0.5500     -1.3488 
  11      20      0.5386      0.5000      0.5500     -0.6452 
  11      21      0.5121      0.5000      0.5500     -0.7521 
  11      22      0.2439      0.5000      0.5500     -0.7346 
  12       1      0.8248      0.5500      0.6000     -1.6602 
  12       2      1.0596      0.5500      0.6000     -1.1239 
  12       3      0.8792      0.5500      0.6000     -1.7376 
  12       4      0.4304      0.5500      0.6000     -1.3110 
  12       5      0.5368      0.5500      0.6000     -0.6573 
  12       6      0.5816      0.5500      0.6000     -1.8712 
  12       7      1.3556      0.5500      0.6000     -1.1652 
  12       8      0.4756      0.5500      0.6000     -0.6570 
  12       9      0.8000      0.5500      0.6000     -1.2197 
  12      10      0.3188      0.5500      0.6000     -0.6849 
  12      11      0.3744      0.5500      0.6000     -1.3044 
  12      12      0.2164      0.5500      0.6000     -0.7279 
  12      13      0.4256      0.5500      0.6000     -0.8785 
  12      15      0.3956      0.5500      0.6000     -0.5834 
  12      16      1.8080      0.5500      0.6000     -0.9923 
  12      17      3.3040      0.5500      0.6000     -2.1036 
  12      18      1.9624      0.5500      0.6000     -0.9777 
  12      19      1.7000      0.5500      0.6000     -1.4553 
  12      20      0.4788      0.5500      0.6000     -0.6234 
  12      21      0.4552      0.5500      0.6000     -0.8355 
  12      22      0.2168      0.5500      0.6000     -0.7445 
  13       1      0.7217      0.6000      0.6500     -1.7796 
  13       2      0.9272      0.6000      0.6500     -1.2861 
  13       3      0.7693      0.6000      0.6500     -1.7890 
  13       4      0.3766      0.6000      0.6500     -1.3674 
  13       5      0.4697      0.6000      0.6500     -0.6626 
  13       6      0.5089      0.6000      0.6500     -1.7718 
  13       7      1.1862      0.6000      0.6500     -1.3494 
  13       8      0.4162      0.6000      0.6500     -0.7259 
  13       9      0.7000      0.6000      0.6500     -1.5183 
  13      10      0.2789      0.6000      0.6500     -0.5687 
  13      11      0.3276      0.6000      0.6500     -1.3304 
  13      12      0.1893      0.6000      0.6500     -0.8128 
  13      13      0.3724      0.6000      0.6500     -0.8684 
  13      15      0.3462      0.6000      0.6500     -0.5571 
  13      16      1.5820      0.6000      0.6500     -0.9916 
  13      17      2.8910      0.6000      0.6500     -2.2496 
  13      18      1.7171      0.6000      0.6500     -1.0785 
  13      19      1.4875      0.6000      0.6500     -1.6818 
  13      20      0.4189      0.6000      0.6500     -0.6172 
  13      21      0.3983      0.6000      0.6500     -0.7803 
  13      22      0.1897      0.6000      0.6500     -0.9264 
  14       1      0.6186      0.6500      0.7000     -2.0696 
  14       2      0.7947      0.6500      0.7000     -1.3668 
  14       3      0.6594      0.6500      0.7000     -1.9288 
  14       4      0.3228      0.6500      0.7000     -1.2085 
  14       5      0.4026      0.6500      0.7000     -0.6852 
  14       6      0.4362      0.6500      0.7000     -1.8201 
  14       7      1.0167      0.6500      0.7000     -1.4897 
  14       8      0.3567      0.6500      0.7000     -0.7025 
  14       9      0.6000      0.6500      0.7000     -1.5928 
  14      10      0.2391      0.6500      0.7000     -0.5889 
  14      11      0.2808      0.6500      0.7000     -1.2443 
  14      12      0.1623      0.6500      0.7000     -0.8275 
  14      13      0.3192      0.6500      0.7000     -0.9956 
  14      15      0.2967      0.6500      0.7000     -0.4583 
  14      16      1.3560      0.6500      0.7000     -1.0923 
  14      17      2.4780      0.6500      0.7000     -2.3630 
  14      18      1.4718      0.6500      0.7000     -1.1727 
  14      19      1.2750      0.6500      0.7000     -1.8091 
  14      20      0.3591      0.6500      0.7000     -0.7653 
  14      21      0.3414      0.6500      0.7000     -0.9006 
  14      22      0.1626      0.6500      0.7000     -0.8306 
  15       1      0.5155      0.7000      0.7500     -2.2025 
  15       2      0.6623      0.7000      0.7500     -1.5753 
  15       3      0.5495      0.7000      0.7500     -2.0252 
  15       4      0.2690      0.7000      0.7500     -1.4503 
  15       5      0.3355      0.7000      0.7500     -0.8477 
  15       6      0.3635      0.7000      0.7500     -2.6861 
  15       7      0.8472      0.7000      0.7500     -2.2755 
  15       8      0.2973      0.7000      0.7500     -0.6682 
  15       9      0.5000      0.7000      0.7500     -1.6684 
  15      10      0.1993      0.7000      0.7500     -0.7592 
  15      11      0.2340      0.7000      0.7500     -1.7715 
  15      12      0.1353      0.7000      0.7500     -1.0062 
  15      13      0.2660      0.7000      0.7500     -1.1538 
  15      15      0.2472      0.7000      0.7500     -0.5186 
  15      16      1.1300      0.7000      0.7500     -1.4735 
  15      17      2.0650      0.7000      0.7500     -2.4933 
  15      18      1.2265      0.7000      0.7500     -1.2434 
  15      19      1.0625      0.7000      0.7500     -1.8711 
  15      20      0.2993      0.7000      0.7500     -0.8115 
  15      21      0.2845      0.7000      0.7500     -0.7680 
  15      22      0.1355      0.7000      0.7500     -0.8537 
  16       1      0.4124      0.7500      0.8000     -2.6824 
  16       2      0.5298      0.7500      0.8000     -1.8156 
  16       3      0.4396      0.7500      0.8000     -2.1377 
  16       4      0.2152      0.7500      0.8000     -1.6621 
  16       5      0.2684      0.7500      0.8000     -0.8706 
  16       6      0.2908      0.7500      0.8000     -2.2578 
  16       7      0.6778      0.7500      0.8000     -1.9968 
  16       8      0.2378      0.7500      0.8000     -0.9455 
  16       9      0.4000      0.7500      0.8000     -2.0324 
  16      10      0.1594      0.7500      0.8000     -0.8155 
  16      11      0.1872      0.7500      0.8000     -1.8304 
  16      12      0.1082      0.7500      0.8000     -0.9215 
  16      13      0.2128      0.7500      0.8000     -1.1074 
  16      15      0.1978      0.7500      0.8000     -0.6174 
  16      16      0.9040      0.7500      0.8000     -1.4041 
  16      17      1.6520      0.7500      0.8000     -2.8601 
  16      18      0.9812      0.7500      0.8000     -1.2847 
  16      19      0.8500      0.7500      0.8000     -2.3652 
  16      20      0.2394      0.7500      0.8000     -0.8658 
  16      21      0.2276      0.7500      0.8000     -1.2350 
  16      22      0.1084      0.7500      0.8000     -0.9031 
  17       1      0.3093      0.8000      0.8500     -2.6691 
  17       2      0.3973      0.8000      0.8500     -2.0301 
  17       3      0.3297      0.8000      0.8500     -2.3481 
  17       4      0.1614      0.8000      0.8500     -1.6189 
  17       5      0.2013      0.8000      0.8500     -0.9329 
  17       6      0.2181      0.8000      0.8500     -2.9211 
  17       7      0.5083      0.8000      0.8500     -2.3657 
  17       8      0.1784      0.8000      0.8500     -1.0259 
  17       9      0.3000      0.8000      0.8500     -2.7162 
  17      10      0.1196      0.8000      0.8500     -0.8469 
  17      11      0.1404      0.8000      0.8500     -1.8201 
  17      12      0.0811      0.8000      0.8500     -1.0962 
  17      13      0.1596      0.8000      0.8500     -1.3245 
  17      15      0.1484      0.8000      0.8500     -0.8252 
  17      16      0.6780      0.8000      0.8500     -1.2885 
  17      17      1.2390      0.8000      0.8500     -3.2753 
  17      18      0.7359      0.8000      0.8500     -1.6020 
  17      19      0.6375      0.8000      0.8500     -2.8320 
  17      20      0.1795      0.8000      0.8500     -0.9463 
  17      21      0.1707      0.8000      0.8500     -1.0900 
  17      22      0.0813      0.8000      0.8500     -0.8875 
  18       1      0.2062      0.8500      0.9000     -3.2892 
  18       2      0.2649      0.8500      0.9000     -2.4989 
  18       3      0.2198      0.8500      0.9000     -2.5586 
  18       4      0.1076      0.8500      0.9000     -2.1441 
  18       5      0.1342      0.8500      0.9000     -1.1163 
  18       6      0.1454      0.8500      0.9000     -3.5681 
  18       7      0.3389      0.8500      0.9000     -2.5443 
  18       8      0.1189      0.8500      0.9000     -1.2916 
  18       9      0.2000      0.8500      0.9000     -3.0865 
  18      10      0.0797      0.8500      0.9000     -1.0430 
  18      11      0.0936      0.8500      0.9000     -2.1269 
  18      12      0.0541      0.8500      0.9000     -1.9399 
  18      13      0.1064      0.8500      0.9000     -1.4047 
  18      15      0.0989      0.8500      0.9000     -0.9157 
  18      16      0.4520      0.8500      0.9000     -2.3937 
  18      17      0.8260      0.8500      0.9000     -3.8369 
  18      18      0.4906      0.8500      0.9000     -2.1158 
  18      19      0.4250      0.8500      0.9000     -3.6437 
  18      20      0.1197      0.8500      0.9000     -1.2303 
  18      21      0.1138      0.8500      0.9000     -1.5054 
  18      22      0.0542      0.8500      0.9000     -1.2532 
  19       1      0.1031      0.9000      0.9500     -4.6216 
  19       2      0.1325      0.9000      0.9500     -3.9235 
  19       3      0.1099      0.9000      0.9500     -2.4511 
  19       4      0.0538      0.9000      0.9500     -2.6332 
  19       5      0.0671      0.9000      0.9500     -1.3778 
  19       6      0.0727      0.9000      0.9500     -4.6822 
  19       7      0.1694      0.9000      0.9500     -6.4235 
  19       8      0.0595      0.9000      0.9500     -1.6826 
  19       9      0.1000      0.9000      0.9500     -4.4157 
  19      10      0.0398      0.9000      0.9500     -1.6608 
  19      11      0.0468      0.9000      0.9500     -3.0866 
  19      12      0.0271      0.9000      0.9500     -2.8742 
  19      13      0.0532      0.9000      0.9500     -2.1192 
  19      15      0.0495      0.9000      0.9500     -1.2065 
  19      16      0.2260      0.9000      0.9500     -4.5146 
  19      17      0.4130      0.9000      0.9500     -5.3565 
  19      18      0.2453      0.9000      0.9500     -3.2643 
  19      19      0.2125      0.9000      0.9500     -4.1697 
  19      20      0.0599      0.9000      0.9500     -1.3473 
  19      21      0.0569      0.9000      0.9500     -2.1151 
  19      22      0.0271      0.9000      0.9500     -1.2649 
  20       1      0.0000      0.9500      1.0000     -7.5956 
  20       2      0.0000      0.9500      1.0000     -6.5428 
  20       3      0.0000      0.9500      1.0000     -4.4908 
  20       4      0.0000      0.9500      1.0000     -4.5061 
  20       5      0.0000      0.9500      1.0000     -3.1578 
  20       6      0.0000      0.9500      1.0000     -7.2859 
  20       7      0.0000      0.9500      1.0000     -8.5936 
  20       8      0.0000      0.9500      1.0000     -3.0148 
  20       9      0.0000      0.9500      1.0000     -5.3852 
  20      10      0.0000      0.9500      1.0000     -3.1219 
  20      11      0.0000      0.9500      1.0000     -4.9106 
  20      12      0.0000      0.9500      1.0000     -6.4706 
  20      13      0.0000      0.9500      1.0000     -4.1792 
  20      15      0.0000      0.9500      1.0000     -2.9527 
  20      16      0.0000      0.9500      1.0000    -13.3589 
  20      17      0.0000      0.9500      1.0000     -9.8154 
  20      18      0.0000      0.9500      1.0000     -5.7259 
  20      19      0.0000      0.9500      1.0000     -6.7573 
  20      20      0.0000      0.9500      1.0000     -2.4029 
  20      21      0.0000      0.9500      1.0000     -3.1614 
  20      22      0.0000      0.9500      1.0000     -1.9816 

 deltaA:  -587.9559